562047111	T-Series	8800674	599831	557513
496503490	Ozuna	3750952	268253	159818
467892045	NickyJamTV	3796082	259193	223468
364312023	DrakeVEVO	6013821	170122	366822
357112379	Bad Bunny	5213338	282581	317215
337621571	Flow La Movie	2581961	166549	113564
332325013	Ed Sheeran	6575992	148451	288569
311539062	5-Minute Crafts	2974905	299171	179091
300207879	ibighit	22846082	383677	3514231
265381102	MalumaVEVO	3850671	387037	245740
261508964	ChildishGambinoVEVO	5523423	381921	558076
259677367	Marvel Entertainment	6586857	154973	761317
259074478	Dude Perfect	8152723	184485	569480
256417266	MLG Highlights	1210056	266759	425227
253170210	PewDiePie	17784234	590239	2031183
252763429	jypentertainment	7039101	343323	967816
245329671	The Late Show with Stephen Colbert	3241355	199157	404529
233075165	TaylorSwiftVEVO	5343911	291009	406239
224642756	WORLDSTARHIPHOP	5216169	425912	695458
219147493	Daddy Yankee	2788979	138873	135958
217217018	TheEllenShow	5331798	148921	259455
212921760	ArianaGrandeVevo	3594357	157385	271716
211745925	Speed Records	5086393	229763	294771
201847279	BeckyGVEVO	1718276	146192	101892
201224813	Cardi B	3901011	211666	250924